timestamp,value
00.000,0.99
00.015,4.34
00.031,7.57
00.046,10.14
00.062,11.65
00.078,12.22
00.093,12.38
00.109,12.82
00.125,13.84
00.140,15.25
00.156,16.43
00.171,16.74
00.187,15.88
00.203,14.01
00.218,11.56
00.234,8.86
00.250,5.92
00.265,2.46
00.281,-1.87
00.296,-7.18
00.312,-13.16
00.328,-19.16
00.343,-24.47
00.359,-28.55
00.375,-31.32
00.390,-33.05
00.406,-34.29
00.421,-35.68
00.437,-37.73
00.453,-40.71
00.468,-44.66
00.484,-49.3
00.500,-54.12
00.515,-58.3
00.531,-60.88
00.546,-60.85
00.562,-57.47
00.578,-50.51
00.593,-40.37
00.609,-28.06
00.625,-14.9
00.640,-2.07
00.656,9.75
00.671,20.51
00.687,30.63
00.703,40.62
00.718,50.72
00.734,60.73
00.750,70.2
00.765,78.79
00.781,86.52
00.796,93.75
00.812,100.87
00.828,107.8
00.843,113.79
00.859,117.57
00.875,118.0
00.890,114.6
00.906,107.86
00.921,99.0
00.937,89.4
00.953,79.98
00.968,70.94
00.984,61.96
01.000,52.59
01.015,42.79
01.031,33.09
01.046,24.38
01.062,17.62
01.078,13.31
01.093,11.28
01.109,10.66
01.125,10.14
01.140,8.3
01.156,4.04
01.171,-3.21
01.187,-13.43
01.203,-26.04
01.218,-40.11
01.234,-54.54
01.250,-68.24
01.265,-80.14
01.281,-89.41
01.296,-95.49
01.312,-98.18
01.328,-97.6
01.343,-94.01
01.359,-87.73
01.375,-79.01
01.390,-68.05
01.406,-55.17
01.421,-40.92
01.437,-26.14
01.453,-11.85
01.468,0.93
01.484,11.51
01.500,19.57
01.515,25.25
01.531,28.96
01.546,31.16
01.562,32.26
01.578,32.58
01.593,32.4
01.609,32.06
01.625,32.04
01.640,32.75
01.656,34.39
01.671,36.85
01.687,39.67
01.703,42.28
01.718,44.21
01.734,45.24
01.750,45.49
01.765,45.47
01.781,45.71
01.796,46.57
01.812,48.17
01.828,50.34
01.843,52.63
01.859,54.38
01.875,54.76
01.890,52.99
01.906,48.89
01.921,42.71
01.937,35.14
01.953,27.11
01.968,19.33
01.984,11.96
02.000,4.55
02.015,-3.49
02.031,-12.25
02.046,-20.34
02.062,-25.55
02.078,-25.43
02.093,-18.05
02.109,-2.65
02.125,20.42
02.140,50.06
02.156,84.75
02.171,122.27
02.187,160.06
02.203,194.13
02.218,219.71
02.234,232.59
02.250,230.79
02.265,215.57
02.281,191.28
02.296,164.08
02.312,135.19
02.328,106.06
02.343,77.16
02.359,48.75
02.375,21.45
02.390,-3.6
02.406,-25.14
02.421,-42.44
02.437,-55.2
02.453,-63.97
02.468,-68.95
02.484,-70.47
02.500,-68.99
02.515,-65.35
02.531,-61.04
02.546,-57.81
02.562,-57.24
02.578,-59.76
02.593,-65.47
02.609,-73.22
02.625,-82.72
02.640,-94.15
02.656,-108.26
02.671,-126.29
02.687,-149.61
02.703,-179.55
02.718,-216.44
02.734,-258.79
02.750,-303.8
02.765,-346.4
02.781,-379.22
02.796,-394.3
02.812,-386.16
02.828,-354.65
02.843,-308.68
02.859,-256.49
02.875,-206.79
02.890,-165.89
02.906,-135.71
02.921,-114.23
02.937,-97.66
02.953,-82.98
02.968,-69.2
02.984,-57.05
03.000,-46.72
03.015,-38.17
03.031,-30.42
03.046,-21.8
03.062,-10.83
03.078,3.1
03.093,19.71
03.109,38.28
03.125,56.29
03.140,73.26
03.156,89.36
03.171,105.38
03.187,122.44
03.203,141.37
03.218,162.4
03.234,185.25
03.250,209.51
03.265,234.88
03.281,261.42
03.296,288.0
03.312,311.98
03.328,329.56
03.343,336.95
03.359,331.82
03.375,314.45
03.390,287.77
03.406,256.24
03.421,224.61
03.437,195.87
03.453,171.01
03.468,149.52
03.484,130.39
03.500,112.83
03.515,96.33
03.531,80.56
03.546,65.06
03.562,49.54
03.578,33.88
03.593,18.37
03.609,3.77
03.625,-9.06
03.640,-19.46
03.656,-27.39
03.671,-33.58
03.687,-39.31
03.703,-46.16
03.718,-55.63
03.734,-68.77
03.750,-85.62
03.765,-104.97
03.781,-124.45
03.796,-141.04
03.812,-152.14
03.828,-156.48
03.843,-154.6
03.859,-148.61
03.875,-141.29
03.890,-135.0
03.906,-130.88
03.921,-128.71
03.937,-127.41
03.953,-125.76
03.968,-122.98
03.984,-118.84
04.000,-113.41
04.015,-106.76
04.031,-98.89
04.046,-89.84
04.062,-79.98
04.078,-70.07
04.093,-61.08
04.109,-53.74
04.125,-48.16
04.140,-43.73
04.156,-39.28
04.171,-33.64
04.187,-26.03
04.203,-16.41
04.218,-5.42
04.234,5.8
04.250,16.03
04.265,24.25
04.281,29.85
04.296,32.72
04.312,33.25
04.328,32.19
04.343,30.49
04.359,29.07
04.375,28.58
04.390,29.33
04.406,31.32
04.421,34.28
04.437,37.85
04.453,41.71
04.468,45.63
04.484,49.45
04.500,53.01
04.515,55.99
04.531,57.93
04.546,58.38
04.562,57.05
04.578,54.16
04.593,50.33
04.609,46.57
04.625,43.86
04.640,42.83
04.656,43.52
04.671,45.39
04.687,47.49
04.703,48.87
04.718,48.97
04.734,47.76
04.750,45.56
04.765,42.74
04.781,39.45
04.796,35.67
04.812,31.39
04.828,26.93
04.843,22.96
04.859,20.2
04.875,18.88
04.890,18.4
04.906,17.49
04.921,14.72
04.937,9.26
04.953,1.28
04.968,-8.15
04.984,-17.53
05.000,-25.56
05.015,-31.48
05.031,-35.2
05.046,-37.06
05.062,-37.7
05.078,-37.86
05.093,-38.28
05.109,-39.52
05.125,-41.8
05.140,-44.99
05.156,-48.65
05.171,-52.24
05.187,-55.24
05.203,-57.29
05.218,-58.23
05.234,-58.09
05.250,-57.11
05.265,-55.72
05.281,-54.57
05.296,-54.23
05.312,-54.97
05.328,-56.47
05.343,-57.83
05.359,-57.89
05.375,-55.56
05.390,-50.27
05.406,-42.07
05.421,-31.54
05.437,-19.54
05.453,-6.99
05.468,5.33
05.484,16.77
05.500,26.83
05.515,35.27
05.531,42.04
05.546,47.26
05.562,51.15
05.578,53.87
05.593,55.55
05.609,56.22
05.625,55.95
05.640,54.87
05.656,53.19
05.671,51.12
05.687,48.87
05.703,46.65
05.718,44.59
05.734,42.78
05.750,41.22
05.765,39.84
05.781,38.61
05.796,37.66
05.812,37.24
05.828,37.63
05.843,38.96
05.859,41.05
05.875,43.59
05.890,46.32
05.906,49.27
05.921,52.77
05.937,57.17
05.953,62.46
05.968,68.09
05.984,73.02
06.000,76.09
06.015,76.5
06.031,74.07
06.046,69.21
06.062,62.69
06.078,55.31
06.093,47.72
06.109,40.35
06.125,33.51
06.140,27.43
06.156,22.39
06.171,18.58
06.187,16.13
06.203,14.95
06.218,14.68
06.234,14.66
06.250,14.21
06.265,12.84
06.281,10.55
06.296,7.91
06.312,5.83
06.328,5.29
06.343,6.97
06.359,11.01
06.375,17.08
06.390,24.39
06.406,31.78
06.421,37.96
06.437,41.72
06.453,42.25
06.468,39.48
06.484,33.99
06.500,26.85
06.515,19.12
06.531,11.49
06.546,4.11
06.562,-3.25
06.578,-10.84
06.593,-18.72
06.609,-26.65
06.625,-34.34
06.640,-41.64
06.656,-48.67
06.671,-55.67
06.687,-62.79
06.703,-69.89
06.718,-76.49
06.734,-81.89
06.750,-85.43
06.765,-86.84
06.781,-86.41
06.796,-85.05
06.812,-83.9
06.828,-83.85
06.843,-85.03
06.859,-86.53
06.875,-86.64
06.890,-83.51
06.906,-76.04
06.921,-64.52
06.937,-50.79
06.953,-37.58
06.968,-27.45
06.984,-21.8
07.000,-20.31
07.015,-21.26
07.031,-22.41
07.046,-22.08
07.062,-19.59
07.078,-15.33
07.093,-10.21
07.109,-5.17
07.125,-0.79
07.140,2.67
07.156,5.28
07.171,7.22
07.187,8.82
07.203,10.41
07.218,12.16
07.234,13.92
07.250,15.19
07.265,15.34
07.281,13.95
07.296,11.13
07.312,7.53
07.328,4.02
07.343,1.26
07.359,-0.63
07.375,-2.09
07.390,-3.84
07.406,-6.52
07.421,-10.42
07.437,-15.43
07.453,-21.21
07.468,-27.3
07.484,-33.27
07.500,-38.75
07.515,-43.39
07.531,-46.87
07.546,-49.03
07.562,-49.91
07.578,-49.81
07.593,-49.15
07.609,-48.35
07.625,-47.66
07.640,-47.15
07.656,-46.75
07.671,-46.27
07.687,-45.48
07.703,-44.09
07.718,-41.86
07.734,-38.63
07.750,-34.33
07.765,-29.07
07.781,-23.13
07.796,-16.96
07.812,-11.09
07.828,-6.04
07.843,-2.23
07.859,0.1
07.875,1.09
07.890,1.19
07.906,1.06
07.921,1.39
07.937,2.51
07.953,4.18
07.968,5.63
07.984,5.85
08.000,4.0
08.015,-0.19
08.031,-6.23
08.046,-13.07
08.062,-19.38
08.078,-24.05
08.093,-26.5
08.109,-26.84
08.125,-25.75
08.140,-24.25
08.156,-23.33
08.171,-23.77
08.187,-25.85
08.203,-29.31
08.218,-33.48
08.234,-37.49
08.250,-40.58
08.265,-42.25
08.281,-42.29
08.296,-40.56
08.312,-36.75
08.328,-30.34
08.343,-20.9
08.359,-8.51
08.375,5.89
08.390,20.53
08.406,33.34
08.421,42.56
08.437,47.24
08.453,47.54
08.468,44.51
08.484,39.86
08.500,35.48
08.515,32.99
08.531,33.31
08.546,36.36
08.562,41.06
08.578,45.73
08.593,48.8
08.609,49.44
08.625,47.86
08.640,45.08
08.656,42.28
08.671,40.12
08.687,38.55
08.703,37.0
08.718,34.99
08.734,32.46
08.750,29.75
08.765,27.29
08.781,25.09
08.796,22.67
08.812,19.21
08.828,13.92
08.843,6.2
08.859,-4.28
08.875,-17.63
08.890,-33.51
08.906,-50.84
08.921,-67.65
08.937,-81.36
08.953,-89.57
08.968,-90.99
08.984,-85.93
09.000,-76.04
09.015,-63.58
09.031,-50.43
09.046,-37.61
09.062,-25.42
09.078,-13.92
09.093,-3.37
09.109,5.75
09.125,12.95
09.140,18.18
09.156,21.84
09.171,24.58
09.187,26.96
09.203,29.19
09.218,31.16
09.234,32.62
09.250,33.39
09.265,33.51
09.281,33.21
09.296,32.85
09.312,32.75
09.328,32.98
09.343,33.28
09.359,33.03
09.375,31.48
09.390,28.08
09.406,22.69
09.421,15.7
09.437,7.84
09.453,-0.18
09.468,-7.91
09.484,-15.37
09.500,-22.84
09.515,-30.74
09.531,-39.3
09.546,-48.36
09.562,-57.4
09.578,-65.6
09.593,-72.03
09.609,-75.84
09.625,-76.49
09.640,-73.91
09.656,-68.38
09.671,-60.56
09.687,-51.18
09.703,-40.98
09.718,-30.53
09.734,-20.34
09.750,-10.97
09.765,-3.0
09.781,3.01
09.796,6.8
09.812,8.45
09.828,8.42
09.843,7.28
09.859,5.58
09.875,3.6
09.890,1.36
09.906,-1.19
09.921,-3.97
09.937,-6.62
09.953,-8.57
09.968,-9.17
09.984,-8.0
10.000,-5.04
10.015,-0.59
10.031,4.79
10.046,10.5
10.062,15.96
10.078,20.66
10.093,24.09
10.109,25.83
10.125,25.64
10.140,23.63
10.156,20.26
10.171,16.25
10.187,12.21
10.203,8.43
10.218,4.81
10.234,1.15
10.250,-2.56
10.265,-5.9
10.281,-8.12
10.296,-8.55
10.312,-6.87
10.328,-3.33
10.343,1.54
10.359,7.4
10.375,14.43
10.390,23.29
10.406,34.67
10.421,48.67
10.437,64.48
10.453,80.43
10.468,94.63
10.484,105.65
10.500,112.94
10.515,116.92
10.531,118.53
10.546,118.67
10.562,117.77
10.578,115.72
10.593,112.12
10.609,106.77
10.625,99.95
10.640,92.46
10.656,85.25
10.671,79.05
10.687,73.99
10.703,69.63
10.718,65.23
10.734,60.15
10.750,54.21
10.765,47.77
10.781,41.49
10.796,35.98
10.812,31.41
10.828,27.47
10.843,23.5
10.859,18.84
10.875,13.18
10.890,6.59
10.906,-0.51
10.921,-7.65
10.937,-14.5
10.953,-21.01
10.968,-27.14
10.984,-32.75
11.000,-37.41
11.015,-40.5
11.031,-41.56
11.046,-40.57
11.062,-38.06
11.078,-34.93
11.093,-32.06
11.109,-29.87
11.125,-28.11
11.140,-26.02
11.156,-22.65
11.171,-17.26
11.187,-9.73
11.203,-0.44
11.218,9.74
11.234,19.87
11.250,29.07
11.265,36.66
11.281,42.06
11.296,44.76
11.312,44.35
11.328,40.68
11.343,34.1
11.359,25.45
11.375,15.99
11.390,7.04
11.406,-0.39
11.421,-5.81
11.437,-9.24
11.453,-11.01
11.468,-11.61
11.484,-11.58
11.500,-11.51
11.515,-12.04
11.531,-13.65
11.546,-16.4
11.562,-19.75
11.578,-22.59
11.593,-23.72
11.609,-22.36
11.625,-18.56
11.640,-13.21
11.656,-7.66
11.671,-3.04
11.687,0.11
11.703,1.93
11.718,2.84
11.734,3.02
11.750,2.16
11.765,-0.36
11.781,-4.96
11.796,-11.29
11.812,-18.15
11.828,-23.88
11.843,-27.15
11.859,-27.52
11.875,-25.63
11.890,-22.76
11.906,-20.05
11.921,-18.07
11.937,-16.7
11.953,-15.5
11.968,-14.28
11.984,-13.3
12.000,-13.04
12.015,-13.89
12.031,-15.73
12.046,-17.98
12.062,-19.9
12.078,-21.04
12.093,-21.36
12.109,-21.25
12.125,-21.16
12.140,-21.4
12.156,-21.95
12.171,-22.63
12.187,-23.33
12.203,-24.15
12.218,-25.36
12.234,-27.21
12.250,-29.72
12.265,-32.73
12.281,-36.0
12.296,-39.46
12.312,-43.23
12.328,-47.46
12.343,-51.99
12.359,-56.18
12.375,-58.92
12.390,-58.98
12.406,-55.47
12.421,-48.22
12.437,-37.79
12.453,-25.28
12.468,-11.96
12.484,1.02
12.500,12.85
12.515,23.04
12.531,31.4
12.546,37.96
12.562,42.92
12.578,46.59
12.593,49.25
12.609,51.22
12.625,52.76
12.640,54.02
12.656,54.98
12.671,55.34
12.687,54.6
12.703,52.25
12.718,48.02
12.734,42.08
12.750,35.07
12.765,27.84
12.781,21.2
12.796,15.67
12.812,11.31
12.828,7.87
12.843,4.9
12.859,1.93
12.875,-1.37
12.890,-5.11
12.906,-9.23
12.921,-13.59
12.937,-18.15
12.953,-23.2
12.968,-29.21
12.984,-36.73
13.000,-45.91
13.015,-56.21
13.031,-66.4
13.046,-74.85
13.062,-80.02
13.078,-80.99
13.093,-77.62
13.109,-70.41
13.125,-60.17
13.140,-47.69
13.156,-33.63
13.171,-18.54
13.187,-3.09
13.203,11.89
13.218,25.4
13.234,36.52
13.250,44.65
13.265,49.71
13.281,52.2
13.296,52.94
13.312,52.76
13.328,52.19
13.343,51.23
13.359,49.5
13.375,46.58
13.390,42.43
13.406,37.61
13.421,33.07
13.437,29.74
13.453,27.98
13.468,27.26
13.484,26.38
13.500,23.85
13.515,18.64
13.531,10.54
13.546,0.17
13.562,-11.26
13.578,-22.51
13.593,-32.62
13.609,-41.25
13.625,-48.54
13.640,-54.92
13.656,-60.68
13.671,-65.71
13.687,-69.37
13.703,-70.77
13.718,-69.15
13.734,-64.28
13.750,-56.72
13.765,-47.51
13.781,-37.79
13.796,-28.36
13.812,-19.52
13.828,-11.35
13.843,-3.91
13.859,2.53
13.875,7.55
13.890,10.9
13.906,12.83
13.921,14.11
13.937,15.82
13.953,18.99
13.968,24.11
13.984,31.04
14.000,39.08
14.015,47.17
14.031,54.16
14.046,58.93
14.062,60.61
14.078,58.69
14.093,53.32
14.109,45.33
14.125,36.16
14.140,27.47
14.156,20.71
14.171,16.7
14.187,15.56
14.203,16.66
14.218,18.95
14.234,21.23
14.250,22.44
14.265,21.89
14.281,19.4
14.296,15.22
14.312,10.03
14.328,4.59
14.343,-0.44
14.359,-4.74
14.375,-8.27
14.390,-11.15
14.406,-13.41
14.421,-14.88
14.437,-15.33
14.453,-14.65
14.468,-13.0
14.484,-10.79
14.500,-8.5
14.515,-6.44
14.531,-4.67
14.546,-3.06
14.562,-1.47
14.578,0.06
14.593,1.27
14.609,1.81
14.625,1.39
14.640,-0.01
14.656,-2.12
14.671,-4.49
14.687,-6.63
14.703,-8.15
14.718,-8.88
14.734,-8.87
14.750,-8.44
14.765,-8.08
14.781,-8.19
14.796,-8.91
14.812,-10.04
14.828,-11.21
14.843,-12.04
14.859,-12.51
14.875,-13.0
14.890,-14.05
14.906,-16.11
14.921,-19.22
14.937,-23.0
14.953,-26.89
14.968,-30.47
14.984,-33.59
15.000,-36.42
15.015,-39.08
15.031,-41.51
15.046,-43.38
15.062,-44.24
15.078,-43.78
15.093,-41.98
15.109,-39.13
15.125,-35.59
15.140,-31.72
15.156,-27.64
15.171,-23.37
15.187,-18.87
15.203,-14.18
15.218,-9.49
15.234,-5.08
15.250,-1.19
15.265,1.99
15.281,4.34
15.296,5.9
15.312,6.72
15.328,6.87
15.343,6.48
15.359,5.67
15.375,4.6
15.390,3.45
15.406,2.44
15.421,1.72
15.437,1.41
15.453,1.43
15.468,1.54
15.484,1.3
15.500,0.3
15.515,-1.72
15.531,-4.68
15.546,-8.21
15.562,-11.88
15.578,-15.47
15.593,-19.1
15.609,-23.11
15.625,-27.71
15.640,-32.57
15.656,-36.7
15.671,-38.75
15.687,-37.5
15.703,-32.4
15.718,-23.78
15.734,-12.63
15.750,-0.14
15.765,12.7
15.781,25.27
15.796,37.2
15.812,48.12
15.828,57.54
15.843,65.0
15.859,70.37
15.875,73.99
15.890,76.66
15.906,79.33
15.921,82.53
15.937,86.07
15.953,88.87
15.968,89.42
15.984,86.34
16.000,79.08
16.015,68.21
16.031,55.14
16.046,41.52
16.062,28.5
16.078,16.25
16.093,4.1
16.109,-8.96
16.125,-23.6
16.140,-39.71
16.156,-56.33
16.171,-72.11
16.187,-85.87
16.203,-97.03
16.218,-105.67
16.234,-112.28
16.250,-117.26
16.265,-120.58
16.281,-121.7
16.296,-119.75
16.312,-114.03
16.328,-104.33
16.343,-91.06
16.359,-75.18
16.375,-57.89
16.390,-40.38
16.406,-23.61
16.421,-8.22
16.437,5.41
16.453,17.17
16.468,27.17
16.484,35.7
16.500,43.17
16.515,50.02
16.531,56.65
16.546,63.35
16.562,70.18
16.578,76.92
16.593,82.95
16.609,87.41
16.625,89.39
16.640,88.32
16.656,84.14
16.671,77.4
16.687,69.08
16.703,60.22
16.718,51.64
16.734,43.77
16.750,36.66
16.765,30.09
16.781,23.71
16.796,17.13
16.812,10.02
16.828,2.23
16.843,-6.16
16.859,-14.82
16.875,-23.29
16.890,-31.1
16.906,-37.93
16.921,-43.66
16.937,-48.37
16.953,-52.12
16.968,-54.88
16.984,-56.43
17.000,-56.5
17.015,-54.93
17.031,-51.88
17.046,-47.89
17.062,-43.64
17.078,-39.66
17.093,-36.08
17.109,-32.46
17.125,-28.15
17.140,-22.51
17.156,-15.34
17.171,-7.05
17.187,1.55
17.203,9.53
17.218,16.22
17.234,21.37
17.250,25.11
17.265,27.75
17.281,29.57
17.296,30.75
17.312,31.26
17.328,30.92
17.343,29.4
17.359,26.16
17.375,20.46
17.390,11.48
17.406,-1.36
17.421,-18.01
17.437,-37.47
17.453,-57.75
17.468,-76.38
17.484,-91.24
17.500,-101.35
17.515,-107.19
17.531,-110.49
17.546,-113.35
17.562,-117.25
17.578,-122.42
17.593,-127.79
17.609,-131.64
17.625,-132.33
17.640,-128.98
17.656,-121.62
17.671,-111.0
17.687,-98.16
17.703,-84.04
17.718,-69.36
17.734,-54.72
17.750,-40.71
17.765,-27.97
17.781,-17.11
17.796,-8.49
17.812,-2.02
17.828,2.89
17.843,7.26
17.859,12.2
17.875,18.6
17.890,26.71
17.906,36.1
17.921,45.7
17.937,54.14
17.953,60.13
17.968,62.93
17.984,62.53
18.000,59.63
18.015,55.38
18.031,50.96
18.046,47.16
18.062,44.21
18.078,41.74
18.093,39.07
18.109,35.51
18.125,30.6
18.140,24.19
18.156,16.36
18.171,7.39
18.187,-2.22
18.203,-11.63
18.218,-19.62
18.234,-24.7
18.250,-25.53
18.265,-21.41
18.281,-12.54
18.296,-0.03
18.312,14.43
18.328,29.15
18.343,42.84
18.359,54.84
18.375,65.1
18.390,73.87
18.406,81.48
18.421,88.12
18.437,93.83
18.453,98.54
18.468,102.22
18.484,104.94
18.500,106.95
18.515,108.56
18.531,110.04
18.546,111.47
18.562,112.79
18.578,113.9
18.593,114.82
18.609,115.78
18.625,117.15
18.640,119.2
18.656,121.79
18.671,124.12
18.687,124.83
18.703,122.41
18.718,115.82
18.734,104.87
18.750,90.27
18.765,73.23
18.781,54.93
18.796,36.03
18.812,16.67
18.828,-3.24
18.843,-23.58
18.859,-43.7
18.875,-62.26
18.890,-77.43
18.906,-87.24
18.921,-90.05
18.937,-85.03
18.953,-72.58
18.968,-54.43
18.984,-33.35
19.000,-12.47
19.015,5.59
19.031,19.26
19.046,27.99
19.062,31.88
19.078,31.39
19.093,27.27
19.109,20.92
19.125,14.75
19.140,11.85
19.156,14.99
19.171,25.44
19.187,42.14
19.203,62.16
19.218,82.05
19.234,99.45
19.250,113.89
19.265,126.24
19.281,137.34
19.296,146.77
19.312,152.67
19.328,152.71
19.343,145.59
19.359,131.95
19.375,114.24
19.390,95.47
19.406,77.87
19.421,62.07
19.437,47.43
19.453,32.92
19.468,18.27
19.484,4.32
19.500,-7.33
19.515,-15.18
19.531,-18.55
19.546,-17.95
19.562,-14.89
19.578,-11.16
19.593,-8.27
19.609,-7.14
19.625,-8.07
19.640,-10.99
19.656,-15.78
19.671,-22.34
19.687,-30.46
19.703,-39.72
19.718,-49.41
19.734,-58.67
19.750,-66.72
19.765,-73.07
19.781,-77.67
19.796,-80.85
19.812,-83.27
19.828,-85.76
19.843,-89.13
19.859,-93.83
19.875,-99.88
19.890,-106.71
19.906,-113.42
19.921,-119.15
19.937,-123.39
19.953,-126.18
19.968,-127.91
19.984,-129.01
20.000,-129.6
20.015,-129.38
20.031,-127.73
20.046,-124.0
20.062,-117.84
20.078,-109.38
20.093,-99.11
20.109,-87.75
20.125,-75.99
20.140,-64.24
20.156,-52.75
20.171,-41.62
20.187,-31.03
20.203,-21.29
20.218,-12.89
20.234,-6.3
20.250,-1.79
20.265,0.72
20.281,1.68
20.296,1.79
20.312,1.81
20.328,2.36
20.343,3.73
20.359,5.82
20.375,8.19
20.390,10.22
20.406,11.35
20.421,11.18
20.437,9.64
20.453,6.94
20.468,3.49
20.484,-0.14
20.500,-3.49
20.515,-6.33
20.531,-8.74
20.546,-11.15
20.562,-14.19
20.578,-18.48
20.593,-24.39
20.609,-31.91
20.625,-40.61
20.640,-49.79
20.656,-58.54
20.671,-65.89
20.687,-70.93
20.703,-72.87
20.718,-71.18
20.734,-65.74
20.750,-56.98
20.765,-45.84
20.781,-33.58
20.796,-21.49
20.812,-10.65
20.828,-1.78
20.843,4.87
20.859,9.4
20.875,12.15
20.890,13.58
20.906,14.14
20.921,14.15
20.937,13.83
20.953,13.28
20.968,12.53
20.984,11.65
21.000,10.74
21.015,9.94
21.031,9.31
21.046,8.75
21.062,8.01
21.078,6.79
21.093,4.84
21.109,2.15
21.125,-1.1
21.140,-4.58
21.156,-8.01
21.171,-11.21
21.187,-14.15
21.203,-16.72
21.218,-18.69
21.234,-19.63
21.250,-19.14
21.265,-16.95
21.281,-13.01
21.296,-7.47
21.312,-0.54
21.328,7.51
21.343,16.41
21.359,25.91
21.375,35.77
21.390,45.9
21.406,56.37
21.421,67.36
21.437,79.0
21.453,91.17
21.468,103.36
21.484,114.75
21.500,124.45
21.515,131.82
21.531,136.65
21.546,139.15
21.562,139.9
21.578,139.48
21.593,138.38
21.609,136.76
21.625,134.48
21.640,131.12
21.656,126.0
21.671,118.39
21.687,107.72
21.703,93.7
21.718,76.43
21.734,56.35
21.750,34.2
21.765,10.87
21.781,-12.56
21.796,-34.83
21.812,-54.52
21.828,-70.11
21.843,-80.23
21.859,-84.0
21.875,-81.27
21.890,-72.88
21.906,-60.48
21.921,-46.22
21.937,-32.29
21.953,-20.57
21.968,-12.47
21.984,-8.88
22.000,-10.15
22.015,-16.03
22.031,-25.58
22.046,-37.25
22.062,-49.04
22.078,-58.96
22.093,-65.54
22.109,-68.27
22.125,-67.78
22.140,-65.47
22.156,-63.04
22.171,-61.76
22.187,-62.0
22.203,-63.24
22.218,-64.46
22.234,-64.73
22.250,-63.71
22.265,-61.76
22.281,-59.74
22.296,-58.59
22.312,-58.98
22.328,-61.16
22.343,-65.08
22.359,-70.45
22.375,-76.85
22.390,-83.65
22.406,-89.93
22.421,-94.49
22.437,-96.05
22.453,-93.64
22.468,-86.79
22.484,-75.72
22.500,-61.24
22.515,-44.6
22.531,-27.25
22.546,-10.72
22.562,3.54
22.578,14.41
22.593,21.19
22.609,23.76
22.625,22.54
22.640,18.58
22.656,13.44
22.671,9.0
22.687,7.03
22.703,8.66
22.718,13.87
22.734,21.32
22.750,28.87
22.765,34.37
22.781,36.55
22.796,35.37
22.812,31.78
22.828,27.0
22.843,21.77
22.859,16.0
22.875,9.07
22.890,0.35
22.906,-10.24
22.921,-22.07
22.937,-33.86
22.953,-44.16
22.968,-51.61
22.984,-55.27
23.000,-54.7
23.015,-50.03
23.031,-41.84
23.046,-31.03
23.062,-18.7
23.078,-5.9
23.093,6.42
23.109,17.45
23.125,26.63
23.140,33.57
23.156,38.11
23.171,40.34
23.187,40.55
23.203,39.17
23.218,36.71
23.234,33.62
23.250,30.26
23.265,26.84
23.281,23.45
23.296,20.19
23.312,17.25
23.328,14.93
23.343,13.71
23.359,13.99
23.375,15.93
23.390,19.22
23.406,23.12
23.421,26.59
23.437,28.61
23.453,28.53
23.468,26.12
23.484,21.6
23.500,15.45
23.515,8.2
23.531,0.43
23.546,-7.19
23.562,-13.77
23.578,-18.17
23.593,-19.18
23.609,-15.92
23.625,-8.06
23.640,3.89
23.656,18.67
23.671,34.57
23.687,49.74
23.703,62.56
23.718,71.89
23.734,77.12
23.750,78.19
23.765,75.53
23.781,69.9
23.796,62.36
23.812,54.06
23.828,46.07
23.843,39.22
23.859,33.95
23.875,30.27
23.890,27.77
23.906,25.86
23.921,23.9
23.937,21.41
23.953,18.21
23.968,14.46
23.984,10.6
24.000,7.17
24.015,4.63
24.031,3.02
24.046,1.96
24.062,0.62
24.078,-1.89
24.093,-6.11
24.109,-11.97
24.125,-18.71
24.140,-25.11
24.156,-29.86
24.171,-31.97
24.187,-30.85
24.203,-26.46
24.218,-19.17
24.234,-9.66
24.250,1.07
24.265,11.92
24.281,21.73
24.296,29.44
24.312,34.23
24.328,35.65
24.343,33.63
24.359,28.5
24.375,20.94
24.390,11.91
24.406,2.51
24.421,-6.25
24.437,-13.57
24.453,-19.01
24.468,-22.48
24.484,-24.25
24.500,-24.8
24.515,-24.7
24.531,-24.5
24.546,-24.58
24.562,-25.08
24.578,-25.88
24.593,-26.77
24.609,-27.58
24.625,-28.4
24.640,-29.55
24.656,-31.56
24.671,-34.82
24.687,-39.38
24.703,-44.76
24.718,-49.95
24.734,-53.69
24.750,-54.81
24.765,-52.57
24.781,-46.96
24.796,-38.63
24.812,-28.71
24.828,-18.32
24.843,-8.17
24.859,1.66
24.875,11.57
24.890,22.13
24.906,33.62
24.921,45.76
24.937,57.74
24.953,68.6
24.968,77.69
24.984,84.85
25.000,90.39
25.015,94.58
25.031,97.37
25.046,98.11
25.062,95.87
25.078,89.93
25.093,80.28
25.109,67.86
25.125,54.37
25.140,41.73
25.156,31.63
25.171,25.12
25.187,22.5
25.203,23.42
25.218,26.95
25.234,31.78
25.250,36.35
25.265,39.16
25.281,39.12
25.296,35.9
25.312,30.13
25.328,23.25
25.343,17.15
25.359,13.58
25.375,13.59
25.390,17.25
25.406,23.67
25.421,31.47
25.437,39.23
25.453,45.97
25.468,51.24
25.484,55.04
25.500,57.51
25.515,58.74
25.531,58.77
25.546,57.77
25.562,56.25
25.578,55.13
25.593,55.45
25.609,57.97
25.625,62.61
25.640,68.26
25.656,72.86
25.671,74.05
25.687,69.88
25.703,59.44
25.718,43.02
25.734,21.92
25.750,-2.08
25.765,-27.14
25.781,-51.5
25.796,-73.51
25.812,-91.56
25.828,-104.29
25.843,-110.93
25.859,-111.66
25.875,-107.72
25.890,-101.09
25.906,-93.82
25.921,-87.41
25.937,-82.38
25.953,-78.34
25.968,-74.37
25.984,-69.53
26.000,-63.16
26.015,-55.14
26.031,-45.78
26.046,-35.74
26.062,-26.0
26.078,-17.67
26.093,-11.99
26.109,-10.02
26.125,-12.37
26.140,-18.86
26.156,-28.43
26.171,-39.29
26.187,-49.34
26.203,-56.74
26.218,-60.44
26.234,-60.26
26.250,-56.87
26.265,-51.37
26.281,-44.9
26.296,-38.46
26.312,-32.77
26.328,-28.43
26.343,-25.94
26.359,-25.7
26.375,-27.82
26.390,-31.96
26.406,-37.31
26.421,-42.77
26.437,-47.29
26.453,-50.26
26.468,-51.66
26.484,-52.06
26.500,-52.31
26.515,-53.16
26.531,-54.88
26.546,-57.19
26.562,-59.19
26.578,-59.74
26.593,-57.81
26.609,-52.81
26.625,-44.86
26.640,-34.67
26.656,-23.34
26.671,-11.89
26.687,-1.06
26.703,8.85
26.718,17.79
26.734,25.75
26.750,32.54
26.765,37.87
26.781,41.46
26.796,43.34
26.812,43.82
26.828,43.46
26.843,42.81
26.859,42.17
26.875,41.59
26.890,40.92
26.906,40.04
26.921,38.92
26.937,37.65
26.953,36.31
26.968,34.94
26.984,33.46
27.000,31.76
27.015,29.76
27.031,27.41
27.046,24.7
27.062,21.61
27.078,18.12
27.093,14.29
27.109,10.29
27.125,6.4
27.140,2.9
27.156,0.06
27.171,-1.93
27.187,-2.85
27.203,-2.42
27.218,-0.3
27.234,3.72
27.250,9.64
27.265,17.11
27.281,25.49
27.296,34.05
27.312,42.12
27.328,49.24
27.343,55.13
27.359,59.67
27.375,62.74
27.390,64.15
27.406,63.77
27.421,61.52
27.437,57.57
27.453,52.33
27.468,46.37
27.484,40.2
27.500,34.12
27.515,28.08
27.531,21.81
27.546,15.02
27.562,7.63
27.578,-0.17
27.593,-7.94
27.609,-15.19
27.625,-21.55
27.640,-26.83
27.656,-31.04
27.671,-34.35
27.687,-37.02
27.703,-39.33
27.718,-41.52
27.734,-43.75
27.750,-46.09
27.765,-48.58
27.781,-51.31
27.796,-54.41
27.812,-57.96
27.828,-61.86
27.843,-65.65
27.859,-68.53
27.875,-69.61
27.890,-68.15
27.906,-63.93
27.921,-57.33
27.937,-49.14
27.953,-40.33
27.968,-31.64
27.984,-23.51
28.000,-16.1
28.015,-9.45
28.031,-3.7
28.046,0.9
28.062,4.1
28.078,5.85
28.093,6.38
28.109,6.22
28.125,5.91
28.140,5.85
28.156,6.2
28.171,6.95
28.187,8.09
28.203,9.63
28.218,11.62
28.234,13.91
28.250,16.14
28.265,17.73
28.281,18.18
28.296,17.27
28.312,15.16
28.328,12.35
28.343,9.41
28.359,6.76
28.375,4.55
28.390,2.69
28.406,0.95
28.421,-0.98
28.437,-3.35
28.453,-6.32
28.468,-9.83
28.484,-13.61
28.500,-17.11
28.515,-19.63
28.531,-20.47
28.546,-19.14
28.562,-15.51
28.578,-9.78
28.593,-2.52
28.609,5.55
28.625,13.64
28.640,21.04
28.656,27.21
28.671,31.88
28.687,35.16
28.703,37.45
28.718,39.35
28.734,41.38
28.750,43.87
28.765,46.8
28.781,49.85
28.796,52.64
28.812,54.91
28.828,56.69
28.843,58.21
28.859,59.85
28.875,61.83
28.890,64.27
28.906,67.13
28.921,70.42
28.937,74.24
28.953,78.78
28.968,84.16
28.984,90.29
29.000,96.88
29.015,103.6
29.031,110.24
29.046,116.85
29.062,123.52
29.078,130.19
29.093,136.34
29.109,141.0
29.125,143.16
29.140,142.17
29.156,138.2
29.171,132.3
29.187,126.1
29.203,121.21
29.218,118.65
29.234,118.46
29.250,119.68
29.265,120.74
29.281,120.03
29.296,116.44
29.312,109.82
29.328,100.77
29.343,90.29
29.359,79.14
29.375,67.44
29.390,54.7
29.406,40.34
29.421,24.15
29.437,6.48
29.453,-12.04
29.468,-31.11
29.484,-51.01
29.500,-72.37
29.515,-95.34
29.531,-118.94
29.546,-140.88
29.562,-158.33
29.578,-169.07
29.593,-172.45
29.609,-169.56
29.625,-162.4
29.640,-152.94
29.656,-142.28
29.671,-130.67
29.687,-118.09
29.703,-104.98
29.718,-92.41
29.734,-81.82
29.750,-74.25
29.765,-69.83
29.781,-67.71
29.796,-66.59
29.812,-65.45
29.828,-64.09
29.843,-63.24
29.859,-64.15
29.875,-67.89
29.890,-74.72
29.906,-83.61
29.921,-92.26
29.937,-97.5
29.953,-96.06
29.968,-85.71
29.984,-66.07
30.000,-39.08
30.015,-8.48
30.031,21.22
30.046,46.07
30.062,63.78
30.078,74.05
30.093,78.2
30.109,78.37
30.125,76.76
30.140,75.09
30.156,74.4
30.171,74.8
30.187,75.45
30.203,74.47
30.218,69.34
30.234,57.65
30.250,38.02
30.265,10.85
30.281,-21.57
30.296,-55.58
30.312,-87.23
30.328,-113.29
30.343,-131.79
30.359,-142.06
30.375,-144.31
30.390,-139.11
30.406,-127.18
30.421,-109.5
30.437,-87.45
30.453,-62.94
30.468,-38.25
30.484,-15.6
30.500,3.31
30.515,17.67
30.531,27.69
30.546,34.4
30.562,39.12
30.578,43.04
30.593,46.77
30.609,50.26
30.625,52.91
30.640,54.05
30.656,53.23
30.671,50.48
30.687,46.31
30.703,41.43
30.718,36.4
30.734,31.45
30.750,26.44
30.765,21.01
30.781,14.84
30.796,7.76
30.812,-0.23
30.828,-8.95
30.843,-18.06
30.859,-27.02
30.875,-35.04
30.890,-41.33
30.906,-45.22
30.921,-46.47
30.937,-45.51
30.953,-43.32
30.968,-41.15
30.984,-39.98
31.000,-40.13
31.015,-41.15
31.031,-42.01
31.046,-41.65
31.062,-39.45
31.078,-35.45
31.093,-30.28
31.109,-24.78
31.125,-19.68
31.140,-15.29
31.156,-11.56
31.171,-8.27
31.187,-5.2
31.203,-2.34
31.218,0.2
31.234,2.22
31.250,3.54
31.265,3.96
31.281,3.29
31.296,1.41
31.312,-1.7
31.328,-5.76
31.343,-10.16
31.359,-14.06
31.375,-16.58
31.390,-17.08
31.406,-15.4
31.421,-11.89
31.437,-7.19
31.453,-2.04
31.468,3.01
31.484,7.61
31.500,11.69
31.515,15.31
31.531,18.54
31.546,21.39
31.562,23.79
31.578,25.57
31.593,26.58
31.609,26.67
31.625,25.79
31.640,23.92
31.656,21.11
31.671,17.43
31.687,13.02
31.703,8.15
31.718,3.32
31.734,-0.92
31.750,-4.03
31.765,-5.68
31.781,-5.95
31.796,-5.24
31.812,-4.15
31.828,-3.16
31.843,-2.58
31.859,-2.39
31.875,-2.42
31.890,-2.5
31.906,-2.57
31.921,-2.71
31.937,-2.96
31.953,-3.26
31.968,-3.43
31.984,-3.21
32.000,-2.47
32.015,-1.35
32.031,-0.29
32.046,0.08
32.062,-0.79
32.078,-3.16
32.093,-6.83
32.109,-11.3
32.125,-15.88
32.140,-19.96
32.156,-22.98
32.171,-24.53
32.187,-24.18
32.203,-21.64
32.218,-16.89
32.234,-10.34
32.250,-2.99
32.265,3.75
32.281,8.32
32.296,9.59
32.312,7.27
32.328,2.05
32.343,-4.54
32.359,-10.61
32.375,-14.55
32.390,-15.54
32.406,-13.65
32.421,-9.71
32.437,-4.78
32.453,0.18
32.468,4.66
32.484,8.49
32.500,11.68
32.515,14.22
32.531,16.01
32.546,16.87
32.562,16.69
32.578,15.57
32.593,13.83
32.609,11.93
32.625,10.44
32.640,9.7
32.656,9.74
32.671,10.09
32.687,10.01
32.703,8.8
32.718,6.12
32.734,2.24
32.750,-2.16
32.765,-6.36
32.781,-9.9
32.796,-12.83
32.812,-15.48
32.828,-18.21
32.843,-21.05
32.859,-23.7
32.875,-25.75
32.890,-26.9
32.906,-27.2
32.921,-26.93
32.937,-26.45
32.953,-25.96
32.968,-25.4
32.984,-24.57
33.000,-23.2
33.015,-21.24
33.031,-18.8
33.046,-16.24
33.062,-13.92
33.078,-12.11
33.093,-10.86
33.109,-10.0
33.125,-9.29
33.140,-8.59
33.156,-7.97
33.171,-7.63
33.187,-7.88
33.203,-8.85
33.218,-10.4
33.234,-12.21
33.250,-13.9
33.265,-15.24
33.281,-16.2
33.296,-16.94
33.312,-17.55
33.328,-18.13
33.343,-18.68
33.359,-19.29
33.375,-20.1
33.390,-21.22
33.406,-22.64
33.421,-23.99
33.437,-24.7
33.453,-24.21
33.468,-22.18
33.484,-18.67
33.500,-14.12
33.515,-9.15
33.531,-4.38
33.546,-0.29
33.562,2.81
33.578,4.83
33.593,5.86
33.609,6.18
33.625,6.15
33.640,6.11
33.656,6.21
33.671,6.43
33.687,6.57
33.703,6.42
33.718,5.88
33.734,5.05
33.750,4.12
33.765,3.32
33.781,2.77
33.796,2.57
33.812,2.73
33.828,3.27
33.843,4.16
33.859,5.34
33.875,6.61
33.890,7.62
33.906,7.91
33.921,7.08
33.937,4.88
33.953,1.31
33.968,-3.31
33.984,-8.44
34.000,-13.43
34.015,-17.66
34.031,-20.66
34.046,-22.22
34.062,-22.39
34.078,-21.37
34.093,-19.41
34.109,-16.66
34.125,-13.17
34.140,-8.99
34.156,-4.32
34.171,0.47
34.187,4.84
34.203,8.3
34.218,10.65
34.234,12.08
34.250,13.12
34.265,14.36
34.281,16.21
34.296,18.63
34.312,21.22
34.328,23.39
34.343,24.6
34.359,24.66
34.375,23.71
34.390,22.12
34.406,20.26
34.421,18.39
34.437,16.56
34.453,14.75
34.468,12.96
34.484,11.28
34.500,9.92
34.515,9.01
34.531,8.57
34.546,8.42
34.562,8.23
34.578,7.62
34.593,6.3
34.609,4.11
34.625,1.07
34.640,-2.63
34.656,-6.72
34.671,-10.85
34.687,-14.71
34.703,-17.99
34.718,-20.41
34.734,-21.72
34.750,-21.72
34.765,-20.32
34.781,-17.58
34.796,-13.89
34.812,-9.81
34.828,-6.05
34.843,-3.21
34.859,-1.61
34.875,-1.2
34.890,-1.67
34.906,-2.56
34.921,-3.47
34.937,-4.1
34.953,-4.28
34.968,-3.89
34.984,-2.83
35.000,-1.13
35.015,0.99
35.031,3.04
35.046,4.4
35.062,4.53
35.078,3.27
35.093,0.82
35.109,-2.23
35.125,-5.26
35.140,-7.82
35.156,-9.76
35.171,-11.24
35.187,-12.59
35.203,-14.17
35.218,-16.31
35.234,-19.25
35.250,-23.08
35.265,-27.71
35.281,-32.85
35.296,-38.19
35.312,-43.45
35.328,-48.6
35.343,-53.77
35.359,-59.13
35.375,-64.62
35.390,-69.67
35.406,-73.34
35.421,-74.48
35.437,-72.27
35.453,-66.49
35.468,-57.63
35.484,-46.64
35.500,-34.57
35.515,-22.27
35.531,-10.31
35.546,0.88
35.562,10.89
35.578,19.35
35.593,26.0
35.609,30.93
35.625,34.57
35.640,37.56
35.656,40.42
35.671,43.31
35.687,45.97
35.703,47.88
35.718,48.56
35.734,47.89
35.750,46.07
35.765,43.51
35.781,40.67
35.796,37.85
35.812,35.17
35.828,32.61
35.843,30.2
35.859,28.0
35.875,26.13
35.890,24.66
35.906,23.5
35.921,22.38
35.937,20.98
35.953,18.99
35.968,16.34
35.984,13.12
36.000,9.51
36.015,5.75
36.031,1.99
36.046,-1.6
36.062,-4.82
36.078,-7.34
36.093,-8.84
36.109,-9.11
36.125,-8.21
36.140,-6.54
36.156,-4.65
36.171,-3.09
36.187,-2.17
36.203,-1.85
36.218,-1.78
36.234,-1.47
36.250,-0.45
36.265,1.52
36.281,4.35
36.296,7.74
36.312,11.22
36.328,14.35
36.343,16.87
36.359,18.67
36.375,19.8
36.390,20.3
36.406,20.13
36.421,19.19
36.437,17.44
36.453,15.06
36.468,12.5
36.484,10.41
36.500,9.36
36.515,9.64
36.531,11.08
36.546,13.17
36.562,15.17
36.578,16.43
36.593,16.53
36.609,15.35
36.625,13.05
36.640,9.94
36.656,6.44
36.671,2.92
36.687,-0.32
36.703,-3.07
36.718,-5.2
36.734,-6.63
36.750,-7.32
36.765,-7.26
36.781,-6.62
36.796,-5.71
36.812,-4.95
36.828,-4.74
36.843,-5.26
36.859,-6.51
36.875,-8.25
36.890,-10.26
36.906,-12.32
36.921,-14.28
36.937,-15.91
36.953,-16.85
36.968,-16.59
36.984,-14.75
37.000,-11.28
37.015,-6.67
37.031,-1.86
37.046,2.02
37.062,4.12
37.078,4.11
37.093,2.25
37.109,-0.72
37.125,-3.97
37.140,-6.8
37.156,-8.84
37.171,-10.06
37.187,-10.64
37.203,-10.93
37.218,-11.3
37.234,-12.03
37.250,-13.38
37.265,-15.48
37.281,-18.3
37.296,-21.75
37.312,-25.59
37.328,-29.57
37.343,-33.42
37.359,-36.93
37.375,-39.97
37.390,-42.62
37.406,-45.14
37.421,-48.03
37.437,-51.9
37.453,-57.32
37.468,-64.61
37.484,-73.73
37.500,-84.27
37.515,-95.59
37.531,-107.14
37.546,-118.49
37.562,-129.34
37.578,-139.33
37.593,-147.8
37.609,-153.9
37.625,-156.79
37.640,-156.01
37.656,-151.68
37.671,-144.34
37.687,-134.54
37.703,-122.65
37.718,-108.88
37.734,-93.63
37.750,-77.82
37.765,-62.96
37.781,-50.63
37.796,-41.87
37.812,-36.63
37.828,-33.92
37.843,-32.26
37.859,-30.41
37.875,-27.68
37.890,-23.94
37.906,-19.25
37.921,-13.63
37.937,-6.99
37.953,0.61
37.968,8.83
37.984,16.99
38.000,24.25
38.015,29.85
38.031,33.16
38.046,33.77
38.062,31.5
38.078,26.57
38.093,19.71
38.109,12.11
38.125,5.17
38.140,-0.05
38.156,-3.25
38.171,-4.94
38.187,-6.14
38.203,-7.85
38.218,-10.64
38.234,-14.58
38.250,-19.42
38.265,-24.96
38.281,-30.98
38.296,-37.19
38.312,-42.97
38.328,-47.29
38.343,-48.99
38.359,-47.23
38.375,-41.81
38.390,-33.34
38.406,-22.94
38.421,-11.83
38.437,-0.86
38.453,9.59
38.468,19.59
38.484,29.41
38.500,39.27
38.515,49.21
38.531,59.07
38.546,68.55
38.562,77.38
38.578,85.42
38.593,92.72
38.609,99.52
38.625,106.1
38.640,112.7
38.656,119.41
38.671,126.08
38.687,132.31
38.703,137.6
38.718,141.49
38.734,143.79
38.750,144.66
38.765,144.53
38.781,143.98
38.796,143.45
38.812,143.12
38.828,142.84
38.843,142.29
38.859,141.03
38.875,138.65
38.890,134.84
38.906,129.29
38.921,121.8
38.937,112.39
38.953,101.43
38.968,89.67
38.984,78.04
39.000,67.36
39.015,57.92
39.031,49.48
39.046,41.54
39.062,33.81
39.078,26.64
39.093,20.97
39.109,17.99
39.125,18.48
39.140,22.26
39.156,28.2
39.171,34.66
39.187,40.15
39.203,43.91
39.218,45.92
39.234,46.62
39.250,46.42
39.265,45.51
39.281,43.95
39.296,41.87
39.312,39.7
39.328,38.02
39.343,37.28
39.359,37.44
39.375,37.94
39.390,37.87
39.406,36.53
39.421,33.77
39.437,30.21
39.453,26.97
39.468,25.19
39.484,25.62
39.500,28.31
39.515,32.61
39.531,37.28
39.546,40.83
39.562,41.91
39.578,39.62
39.593,33.78
39.609,24.97
39.625,14.36
39.640,3.37
39.656,-6.66
39.671,-14.87
39.687,-20.99
39.703,-25.26
39.718,-28.25
39.734,-30.48
39.750,-32.27
39.765,-33.58
39.781,-34.04
39.796,-33.19
39.812,-30.68
39.828,-26.55
39.843,-21.21
39.859,-15.44
39.875,-10.25
39.890,-6.79
39.906,-6.22
39.921,-9.54
39.937,-17.36
39.953,-29.56
39.968,-45.18
39.984,-62.58
40.000,-79.83
40.015,-95.31
40.031,-108.02
40.046,-117.69
40.062,-124.61
40.078,-129.33
40.093,-132.47
40.109,-134.65
40.125,-136.5
40.140,-138.62
40.156,-141.35
40.171,-144.6
40.187,-147.77
40.203,-149.81
40.218,-149.6
40.234,-146.26
40.250,-139.66
40.265,-130.51
40.281,-120.39
40.296,-111.3
40.312,-105.13
40.328,-102.94
40.343,-104.66
40.359,-108.96
40.375,-113.73
40.390,-116.9
40.406,-117.06
40.421,-113.88
40.437,-108.03
40.453,-100.62
40.468,-92.65
40.484,-84.35
40.500,-75.04
40.515,-63.44
40.531,-48.35
40.546,-29.47
40.562,-7.73
40.578,14.77
40.593,35.57
40.609,52.64
40.625,65.0
40.640,72.79
40.656,76.96
40.671,78.78
40.687,79.53
40.703,80.4
40.718,82.32
40.734,85.76
40.750,90.44
40.765,95.34
40.781,99.05
40.796,100.47
40.812,99.34
40.828,96.33
40.843,92.61
40.859,89.09
40.875,86.05
40.890,83.18
40.906,79.95
40.921,76.1
40.937,71.78
40.953,67.35
40.968,63.05
40.984,58.81
41.000,54.3
41.015,49.29
41.031,44.0
41.046,39.21
41.062,36.09
41.078,35.72
41.093,38.57
41.109,44.23
41.125,51.42
41.140,58.5
41.156,64.19
41.171,67.99
41.187,70.3
41.203,71.96
41.218,73.54
41.234,74.94
41.250,75.32
41.265,73.57
41.281,68.86
41.296,61.05
41.312,50.74
41.328,38.93
41.343,26.71
41.359,14.94
41.375,4.15
41.390,-5.39
41.406,-13.61
41.421,-20.63
41.437,-26.74
41.453,-32.25
41.468,-37.38
41.484,-42.0
41.500,-45.59
41.515,-47.32
41.531,-46.42
41.546,-42.58
41.562,-36.14
41.578,-28.12
41.593,-19.87
41.609,-12.7
41.625,-7.56
41.640,-4.81
41.656,-4.25
41.671,-5.13
41.687,-6.38
41.703,-6.89
41.718,-5.77
41.734,-2.72
41.750,1.89
41.765,7.09
41.781,11.65
41.796,14.54
41.812,15.24
41.828,13.84
41.843,10.97
41.859,7.44
41.875,4.08
41.890,1.58
41.906,0.47
41.921,1.16
41.937,3.87
41.953,8.62
41.968,15.19
41.984,23.15
42.000,31.8
42.015,40.24
42.031,47.39
42.046,52.16
42.062,53.77
42.078,51.87
42.093,46.78
42.109,39.46
42.125,31.32
42.140,23.77
42.156,17.86
42.171,13.91
42.187,11.55
42.203,9.94
42.218,8.2
42.234,5.75
42.250,2.49
42.265,-1.31
42.281,-5.23
42.296,-8.78
42.312,-11.55
42.328,-13.08
42.343,-12.87
42.359,-10.49
42.375,-5.76
42.390,1.01
42.406,8.94
42.421,16.83
42.437,23.53
42.453,28.28
42.468,30.89
42.484,31.58
42.500,30.7
42.515,28.51
42.531,25.05
42.546,20.33
42.562,14.5
42.578,8.01
42.593,1.53
42.609,-4.19
42.625,-8.67
42.640,-11.77
42.656,-13.7
42.671,-14.88
42.687,-15.68
42.703,-16.37
42.718,-17.03
42.734,-17.64
42.750,-18.21
42.765,-18.76
42.781,-19.36
42.796,-20.1
42.812,-21.11
42.828,-22.59
42.843,-24.74
42.859,-27.75
42.875,-31.72
42.890,-36.46
42.906,-41.51
42.921,-46.1
42.937,-49.27
42.953,-50.11
42.968,-48.01
42.984,-42.89
43.000,-35.18
43.015,-25.72
43.031,-15.53
43.046,-5.47
43.062,3.88
43.078,12.22
43.093,19.42
43.109,25.41
43.125,30.04
43.140,33.19
43.156,34.82
43.171,35.14
43.187,34.57
43.203,33.63
43.218,32.87
43.234,32.63
43.250,33.0
43.265,33.8
43.281,34.76
43.296,35.66
43.312,36.43
43.328,37.18
43.343,38.17
43.359,39.62
43.375,41.68
43.390,44.24
43.406,46.9
43.421,48.85
43.437,48.92
43.453,45.7
43.468,37.89
43.484,24.7
43.500,6.22
43.515,-16.49
43.531,-41.6
43.546,-66.95
43.562,-90.43
43.578,-110.24
43.593,-124.99
43.609,-133.67
43.625,-135.77
43.640,-131.46
43.656,-121.82
43.671,-108.79
43.687,-94.78
43.703,-82.05
43.718,-72.02
43.734,-65.05
43.750,-60.49
43.765,-57.2
43.781,-54.07
43.796,-50.33
43.812,-45.66
43.828,-40.04
43.843,-33.54
43.859,-26.33
43.875,-18.6
43.890,-10.61
43.906,-2.71
43.921,4.76
43.937,11.47
43.953,17.15
43.968,21.51
43.984,24.31
44.000,25.39
44.015,24.83
44.031,23.07
44.046,20.87
44.062,19.19
44.078,18.96
44.093,20.85
44.109,25.23
44.125,32.26
44.140,41.91
44.156,54.04
44.171,68.19
44.187,83.35
44.203,97.94
44.218,110.07
44.234,118.14
44.250,121.44
44.265,120.44
44.281,116.63
44.296,111.91
44.312,107.93
44.328,105.53
44.343,104.66
44.359,104.43
44.375,103.22
44.390,98.85
44.406,89.14
44.421,72.59
44.437,49.41
44.453,22.01
44.468,-5.45
44.484,-28.26
44.500,-42.92
44.515,-48.36
44.531,-46.06
44.546,-39.21
44.562,-31.45
44.578,-25.87
44.593,-24.75
44.609,-29.65
44.625,-41.41
44.640,-59.79
44.656,-82.97
44.671,-107.47
44.687,-128.87
44.703,-143.23
44.718,-148.41
44.734,-144.56
44.750,-133.72
44.765,-118.62
44.781,-101.53
44.796,-83.63
44.812,-65.12
44.828,-45.81
44.843,-25.73
44.859,-5.4
44.875,14.28
44.890,32.28
44.906,47.68
44.921,59.8
44.937,68.27
44.953,73.06
44.968,74.5
44.984,73.28
45.000,70.31
45.015,66.53
45.031,62.75
45.046,59.46
45.062,56.85
45.078,54.86
45.093,53.16
45.109,51.16
45.125,48.12
45.140,43.26
45.156,36.1
45.171,26.71
45.187,15.69
45.203,4.01
45.218,-7.46
45.234,-18.24
45.250,-28.3
45.265,-37.7
45.281,-46.11
45.296,-52.46
45.312,-55.2
45.328,-52.91
45.343,-45.1
45.359,-32.63
45.375,-17.37
45.390,-1.55
45.406,13.1
45.421,25.86
45.437,36.78
45.453,46.22
45.468,54.19
45.484,60.17
45.500,63.31
45.515,63.04
45.531,59.47
45.546,53.53
45.562,46.6
45.578,39.93
45.593,34.33
45.609,29.99
45.625,26.83
45.640,24.79
45.656,24.11
45.671,25.27
45.687,28.64
45.703,33.99
45.718,40.19
45.734,45.36
45.750,47.36
45.765,44.57
45.781,36.56
45.796,24.43
45.812,10.63
45.828,-1.68
45.843,-9.51
45.859,-11.05
45.875,-6.2
45.890,3.41
45.906,14.94
45.921,25.44
45.937,32.82
45.953,36.49
45.968,37.17
45.984,36.28
46.000,35.13
46.015,34.67
46.031,35.35
46.046,37.21
46.062,39.74
46.078,41.73
46.093,41.26
46.109,36.38
46.125,25.97
46.140,10.55
46.156,-7.78
46.171,-26.14
46.187,-42.2
46.203,-55.07
46.218,-65.22
46.234,-73.63
46.250,-80.56
46.265,-84.86
46.281,-84.24
46.296,-76.31
46.312,-59.86
46.328,-35.77
46.343,-7.08
46.359,21.79
46.375,46.28
46.390,62.95
46.406,70.19
46.421,68.14
46.437,58.27
46.453,42.82
46.468,24.55
46.484,6.63
46.500,-7.57
46.515,-15.11
46.531,-14.28
46.546,-5.29
46.562,9.75
46.578,27.6
46.593,45.13
46.609,60.13
46.625,71.69
46.640,79.8
46.656,84.82
46.671,87.15
46.687,86.99
46.703,84.23
46.718,78.21
46.734,67.67
46.750,51.08
46.765,27.68
46.781,-1.48
46.796,-33.12
46.812,-62.55
46.828,-85.6
46.843,-100.67
46.859,-109.63
46.875,-116.62
46.890,-125.52
46.906,-137.22
46.921,-148.64
46.937,-154.06
46.953,-148.22
46.968,-129.46
46.984,-101.0
47.000,-69.65
47.015,-42.86
47.031,-25.66
47.046,-19.07
47.062,-20.67
47.078,-26.54
47.093,-33.22
47.109,-38.71
47.125,-42.38
47.140,-44.06
47.156,-43.26
47.171,-38.97
47.187,-30.2
47.203,-16.82
47.218,-0.18
47.234,16.86
47.250,30.61
47.265,37.9
47.281,37.25
47.296,29.66
47.312,18.35
47.328,7.7
47.343,1.69
47.359,2.43
47.375,9.53
47.390,20.33
47.406,30.88
47.421,37.16
47.437,36.03
47.453,25.75
47.468,6.08
47.484,-21.64
47.500,-54.4
47.515,-87.55
47.531,-115.33
47.546,-132.02
47.562,-133.44
47.578,-118.5
47.593,-89.89
47.609,-53.55
47.625,-17.03
47.640,12.63
47.656,30.72
47.671,35.69
47.687,28.89
47.703,13.75
47.718,-5.34
47.734,-24.05
47.750,-38.92
47.765,-47.92
47.781,-50.56
47.796,-47.69
47.812,-40.88
47.828,-31.71
47.843,-21.34
47.859,-10.41
47.875,0.77
47.890,11.76
47.906,21.83
47.921,30.17
47.937,36.21
47.953,40.03
47.968,42.3
47.984,43.99
48.000,45.79
48.015,47.82
48.031,49.59
48.046,50.4
48.062,49.9
48.078,48.44
48.093,47.04
48.109,46.77
48.125,48.03
48.140,50.15
48.156,51.59
48.171,50.76
48.187,46.82
48.203,40.25
48.218,32.55
48.234,25.49
48.250,20.21
48.265,16.73
48.281,14.02
48.296,10.6
48.312,5.23
48.328,-2.72
48.343,-13.29
48.359,-26.23
48.375,-41.24
48.390,-57.94
48.406,-75.68
48.421,-93.27
48.437,-108.95
48.453,-120.65
48.468,-126.63
48.484,-126.17
48.500,-119.88
48.515,-109.62
48.531,-97.89
48.546,-87.03
48.562,-78.62
48.578,-73.04
48.593,-69.59
48.609,-66.8
48.625,-63.01
48.640,-56.94
48.656,-48.12
48.671,-37.08
48.687,-24.96
48.703,-13.02
48.718,-2.01
48.734,8.11
48.750,17.86
48.765,27.71
48.781,37.48
48.796,46.31
48.812,53.1
48.828,57.22
48.843,59.09
48.859,60.09
48.875,61.98
48.890,66.09
48.906,72.69
48.921,80.92
48.937,89.09
48.953,95.28
48.968,97.89
48.984,96.07
49.000,89.9
49.015,80.32
49.031,68.86
49.046,57.09
49.062,46.05
49.078,35.84
49.093,25.65
49.109,14.28
49.125,0.86
49.140,-14.47
49.156,-30.38
49.171,-44.81
49.187,-55.82
49.203,-62.36
49.218,-64.6
49.234,-63.7
49.250,-61.07
49.265,-57.67
49.281,-53.8
49.296,-49.29
49.312,-44.01
49.328,-38.18
49.343,-32.29
49.359,-26.76
49.375,-21.5
49.390,-15.86
49.406,-8.96
49.421,-0.25
49.437,10.11
49.453,21.16
49.468,31.56
49.484,40.17
49.500,46.37
49.515,50.12
49.531,51.8
49.546,51.89
49.562,50.95
49.578,49.66
49.593,48.88
49.609,49.57
49.625,52.43
49.640,57.66
49.656,64.67
49.671,72.29
49.687,79.03
49.703,83.64
49.718,85.56
49.734,85.02
49.750,82.88
49.765,80.25
49.781,77.95
49.796,76.14
49.812,74.22
49.828,70.99
49.843,65.06
49.859,55.35
49.875,41.46
49.890,23.68
49.906,2.91
49.921,-19.67
49.937,-42.76
49.953,-65.08
49.968,-85.27
49.984,-101.99
50.000,-113.89
50.015,-119.75
50.031,-118.61
50.046,-109.82
50.062,-93.21
50.078,-69.14
50.093,-38.55
50.109,-2.9
50.125,35.95
50.140,75.99
50.156,115.08
50.171,150.97
50.187,181.3
50.203,203.68
50.218,216.12
50.234,217.61
50.250,208.43
50.265,190.26
50.281,165.72
50.296,137.68
50.312,108.72
50.328,80.7
50.343,54.66
50.359,30.71
50.375,8.04
50.390,-14.93
50.406,-40.0
50.421,-68.48
50.437,-100.41
50.453,-134.27
50.468,-167.39
50.484,-196.92
50.500,-220.86
50.515,-238.55
50.531,-250.59
50.546,-258.21
50.562,-262.58
50.578,-264.34
50.593,-263.67
50.609,-260.39
50.625,-254.22
50.640,-244.8
50.656,-231.73
50.671,-214.8
50.687,-194.08
50.703,-170.03
50.718,-143.37
50.734,-114.74
50.750,-84.41
50.765,-52.46
50.781,-19.1
50.796,14.73
50.812,47.04
50.828,75.0
50.843,95.4
50.859,105.57
50.875,104.2
50.890,91.8
50.906,70.58
50.921,43.94
50.937,15.43
50.953,-12.12
50.968,-37.21
50.984,-59.71
51.000,-80.23
51.015,-99.25
51.031,-116.25
51.046,-129.66
51.062,-137.34
51.078,-137.55
51.093,-129.77
51.109,-114.98
51.125,-95.42
51.140,-73.92
51.156,-53.31
51.171,-35.99
51.187,-23.73
51.203,-17.68
51.218,-18.31
51.234,-25.37
51.250,-37.59
51.265,-52.64
51.281,-67.26
51.296,-77.92
51.312,-81.59
51.328,-76.6
51.343,-63.08
51.359,-42.88
51.375,-18.96
51.390,5.53
51.406,28.08
51.421,47.28
51.437,62.83
51.453,75.16
51.468,84.92
51.484,92.62
51.500,98.47
51.515,102.47
51.531,104.56
51.546,104.71
51.562,102.95
51.578,99.4
51.593,94.27
51.609,87.96
51.625,81.06
51.640,74.28
51.656,68.33
51.671,63.63
51.687,60.25
51.703,57.92
51.718,56.3
51.734,55.19
51.750,54.74
51.765,55.34
51.781,57.28
51.796,60.47
51.812,64.35
51.828,68.04
51.843,70.71
51.859,71.82
51.875,71.3
51.890,69.45
51.906,66.74
51.921,63.62
51.937,60.43
51.953,57.29
51.968,54.07
51.984,50.4
52.000,45.91
52.015,40.38
52.031,34.05
52.046,27.69
52.062,22.39
52.078,19.19
52.093,18.72
52.109,21.07
52.125,25.85
52.140,32.5
52.156,40.38
52.171,48.87
52.187,57.34
52.203,65.21
52.218,72.08
52.234,77.89
52.250,82.86
52.265,87.21
52.281,90.8
52.296,93.03
52.312,93.05
52.328,90.19
52.343,84.41
52.359,76.33
52.375,67.14
52.390,58.02
52.406,49.78
52.421,42.7
52.437,36.64
52.453,31.27
52.468,26.23
52.484,21.08
52.500,15.28
52.515,8.3
52.531,-0.12
52.546,-9.49
52.562,-18.48
52.578,-25.13
52.593,-27.64
52.609,-25.25
52.625,-18.85
52.640,-10.81
52.656,-4.23
52.671,-1.59
52.687,-3.84
52.703,-10.14
52.718,-18.47
52.734,-26.71
52.750,-33.53
52.765,-38.74
52.781,-42.91
52.796,-46.72
52.812,-50.34
52.828,-53.26
52.843,-54.74
52.859,-54.32
52.875,-52.34
52.890,-49.8
52.906,-47.83
52.921,-46.95
52.937,-46.69
52.953,-45.83
52.968,-42.92
52.984,-37.09
53.000,-28.44
53.015,-17.95
53.031,-7.15
53.046,2.49
53.062,9.91
53.078,14.61
53.093,16.5
53.109,15.86
53.125,13.25
53.140,9.57
53.156,5.98
53.171,3.69
53.187,3.62
53.203,6.03
53.218,10.4
53.234,15.46
53.250,19.67
53.265,21.67
53.281,20.88
53.296,17.64
53.312,13.03
53.328,8.4
53.343,4.73
53.359,2.33
53.375,0.79
53.390,-0.66
53.406,-2.74
53.421,-5.94
53.437,-10.45
53.453,-16.26
53.468,-23.12
53.484,-30.37
53.500,-36.86
53.515,-40.98
53.531,-41.27
53.546,-37.13
53.562,-29.24
53.578,-19.49
53.593,-10.06
53.609,-2.36
53.625,3.55
53.640,8.93
53.656,15.48
53.671,24.21
53.687,34.76
53.703,45.32
53.718,53.41
53.734,56.75
53.750,54.21
53.765,46.07
53.781,33.97
53.796,20.28
53.812,7.35
53.828,-3.16
53.843,-10.59
53.859,-15.2
53.875,-17.72
53.890,-18.88
53.906,-19.05
53.921,-18.38
53.937,-16.87
53.953,-14.62
53.968,-11.68
53.984,-8.03
54.000,-3.55
54.015,1.64
54.031,6.85
54.046,10.63
54.062,11.23
54.078,7.31
54.093,-1.08
54.109,-12.1
54.125,-22.46
54.140,-28.55
54.156,-27.77
54.171,-19.43
54.187,-4.88
54.203,13.21
54.218,31.99
54.234,49.35
54.250,64.32
54.265,76.66
54.281,86.28
54.296,92.81
54.312,95.74
54.328,94.83
54.343,90.5
54.359,83.66
54.375,74.82
54.390,63.29
54.406,47.09
54.421,24.22
54.437,-5.48
54.453,-38.75
54.468,-69.02
54.484,-88.52
54.500,-91.37
54.515,-76.33
54.531,-47.44
54.546,-12.41
54.562,20.59
54.578,45.87
54.593,61.6
54.609,69.15
54.625,71.23
54.640,70.06
54.656,66.62
54.671,61.11
54.687,53.82
54.703,45.71
54.718,38.05
54.734,31.61
54.750,26.06
54.765,19.86
54.781,11.03
54.796,-1.84
54.812,-18.77
54.828,-38.44
54.843,-58.82
54.859,-77.91
54.875,-94.24
54.890,-106.65
54.906,-114.05
54.921,-115.32
54.937,-109.64
54.953,-97.12
54.968,-79.19
54.984,-58.63
55.000,-38.62
55.015,-21.82
55.031,-9.57
55.046,-1.75
55.062,2.84
55.078,5.8
55.093,8.65
55.109,12.68
55.125,18.97
55.140,28.5
55.156,42.01
55.171,59.59
55.187,80.49
55.203,103.0
55.218,124.82
55.234,143.49
55.250,157.01
55.265,164.14
55.281,164.43
55.296,157.89
55.312,144.58
55.328,124.29
55.343,96.78
55.359,62.34
55.375,22.49
55.390,-19.76
55.406,-60.23
55.421,-94.63
55.437,-119.74
55.453,-134.27
55.468,-138.93
55.484,-135.87
55.500,-127.58
55.515,-116.03
55.531,-102.21
55.546,-86.5
55.562,-69.3
55.578,-51.64
55.593,-35.33
55.609,-22.37
55.625,-14.28
55.640,-11.41
55.656,-12.92
55.671,-17.26
55.687,-23.0
55.703,-29.54
55.718,-37.35
55.734,-47.63
55.750,-61.58
55.765,-79.61
55.781,-100.85
55.796,-123.02
55.812,-142.95
55.828,-157.51
55.843,-164.69
55.859,-164.29
55.875,-157.77
55.890,-147.42
55.906,-135.29
55.921,-122.72
55.937,-110.7
55.953,-100.56
55.968,-94.24
55.984,-93.51
56.000,-98.72
56.015,-107.92
56.031,-117.26
56.046,-122.68
56.062,-121.96
56.078,-115.76
56.093,-106.95
56.109,-98.8
56.125,-93.14
56.140,-89.7
56.156,-86.74
56.171,-82.48
56.187,-76.02
56.203,-67.37
56.218,-56.8
56.234,-44.36
56.250,-29.86
56.265,-13.41
56.281,4.12
56.296,21.25
56.312,36.4
56.328,48.6
56.343,57.81
56.359,64.77
56.375,70.46
56.390,75.61
56.406,80.34
56.421,84.31
56.437,86.91
56.453,87.55
56.468,85.94
56.484,82.08
56.500,76.37
56.515,69.49
56.531,62.34
56.546,55.8
56.562,50.59
56.578,47.14
56.593,45.55
56.609,45.64
56.625,46.91
56.640,48.53
56.656,49.28
56.671,47.84
56.687,43.13
56.703,34.78
56.718,23.58
56.734,11.43
56.750,0.93
56.765,-5.37
56.781,-5.86
56.796,-0.36
56.812,9.94
56.828,22.91
56.843,36.31
56.859,48.33
56.875,57.96
56.890,64.89
56.906,69.32
56.921,71.79
56.937,72.99
56.953,73.63
56.968,74.45
56.984,75.92
57.000,78.14
57.015,80.77
57.031,83.08
57.046,84.18
57.062,83.37
57.078,80.28
57.093,74.99
57.109,67.93
57.125,59.74
57.140,51.1
57.156,42.59
57.171,34.57
57.187,27.19
57.203,20.37
57.218,13.88
57.234,7.42
57.250,0.74
57.265,-6.32
57.281,-13.79
57.296,-21.62
57.312,-29.69
57.328,-37.94
57.343,-46.26
57.359,-54.48
57.375,-62.19
57.390,-68.73
57.406,-73.28
57.421,-75.12
57.437,-73.86
57.453,-69.62
57.468,-62.99
57.484,-54.85
57.500,-46.15
57.515,-37.65
57.531,-29.88
57.546,-23.15
57.562,-17.58
57.578,-13.2
57.593,-9.94
57.609,-7.63
57.625,-6.09
57.640,-5.19
57.656,-4.85
57.671,-5.02
57.687,-5.59
57.703,-6.35
57.718,-6.9
57.734,-6.88
57.750,-6.06
57.765,-4.48
57.781,-2.52
57.796,-0.69
57.812,0.52
57.828,0.83
57.843,0.24
57.859,-1.04
57.875,-2.72
57.890,-4.52
57.906,-6.23
57.921,-7.78
57.937,-9.28
57.953,-10.97
57.968,-13.26
57.984,-16.55
58.000,-21.05
58.015,-26.57
58.031,-32.43
58.046,-37.68
58.062,-41.29
58.078,-42.42
58.093,-40.63
58.109,-35.89
58.125,-28.53
58.140,-19.17
58.156,-8.62
58.171,2.24
58.187,12.6
58.203,21.85
58.218,29.63
58.234,35.87
58.250,40.57
58.265,43.78
58.281,45.5
58.296,45.79
58.312,44.81
58.328,42.84
58.343,40.26
58.359,37.47
58.375,34.74
58.390,32.24
58.406,30.07
58.421,28.28
58.437,26.83
58.453,25.52
58.468,24.04
58.484,22.0
58.500,19.14
58.515,15.43
58.531,11.16
58.546,6.8
58.562,2.76
58.578,-0.75
58.593,-3.86
58.609,-6.95
58.625,-10.48
58.640,-14.85
58.656,-20.17
58.671,-26.21
58.687,-32.31
58.703,-37.53
58.718,-40.78
58.734,-41.14
58.750,-38.16
58.765,-32.01
58.781,-23.5
58.796,-13.83
58.812,-4.17
58.828,4.6
58.843,12.06
58.859,18.18
58.875,23.1
58.890,26.92
58.906,29.65
58.921,31.24
58.937,31.7
58.953,31.17
58.968,29.93
58.984,28.34
59.000,26.75
59.015,25.42
59.031,24.51
59.046,24.08
59.062,24.06
59.078,24.3
59.093,24.48
59.109,24.24
59.125,23.21
59.140,21.11
59.156,17.9
59.171,13.69
59.187,8.8
59.203,3.58
59.218,-1.67
59.234,-6.72
59.250,-11.44
59.265,-15.81
59.281,-19.94
59.296,-24.04
59.312,-28.37
59.328,-33.02
59.343,-37.84
59.359,-42.23
59.375,-45.31
59.390,-46.14
59.406,-44.07
59.421,-38.95
59.437,-31.29
59.453,-22.08
59.468,-12.46
59.484,-3.42
59.500,4.47
59.515,11.06
59.531,16.45
59.546,20.81
59.562,24.23
59.578,26.67
59.593,28.07
59.609,28.39
59.625,27.78
59.640,26.54
59.656,25.05
59.671,23.57
59.687,22.21
59.703,20.95
59.718,19.7
59.734,18.36
59.750,16.92
59.765,15.37
59.781,13.67
59.796,11.74
59.812,9.41
59.828,6.61
59.843,3.31
59.859,-0.39
59.875,-4.31
59.890,-8.28
59.906,-12.19
59.921,-16.0
59.937,-19.78
59.953,-23.62
59.968,-27.59
59.984,-31.69
